%YAML:1.0

#--------------------------------------------------------------------------------------------
# Camera Parameters. Adjust them!

#-------------------------------------------------------------------------------------------- Camera.type: "PinHole"
# Camera calibration and distortion parameters (OpenCV)

Camera.fx: 392.008850097656
Camera.fy: 392.008850097656
Camera.cx: 321.213836669922
Camera.cy: 238.390502929688

Camera.k1: 0.0 Camera.k2: 0.0 Camera.p1: 0.0 Camera.p2: 0.0

Camera.bFishEye: 0

Camera.width: 640 Camera.height: 480
# Camera frames per second

Camera.fps: 30.0
# stereo baseline times fx

Camera.bf: 49.974
# Color order of the images (0: BGR, 1: RGB. It is ignored if images are grayscale)

Camera.RGB: 1
# Close/Far threshold. Baseline times.

ThDepth: 35.0
# #--------------------------------------------------------------------------------------------
# # Stereo Rectification. Only if you need to pre-rectify the images.
# # Camera.fx, .fy, etc must be the same as in LEFT.P
# #--------------------------------------------------------------------------------------------

LEFT.height: 720 LEFT.width: 1280 LEFT.D: !!opencv-matrix rows: 1 cols: 5 dt: d data:[-0.00604297406971455, 0.0451732017099857, -0.0425471812486649, 0.00776465190574527, 0] LEFT.K: !!opencv-matrix rows: 3 cols: 3 dt: d data: [286.3045, 0.0, 417.1953, 0.0, 286.2737, 399.1153, 0.0, 0.0, 1.0] LEFT.R: !!opencv-matrix rows: 3 cols: 3 dt: d data: [0.999966347530033, -0.001422739138722922, 0.008079580483432283, 0.001365741834644127, 0.9999741760894847, 0.007055629199258132, -0.008089410156878961, -0.007044357138835809, 0.9999424675829176] LEFT.P: !!opencv-matrix rows: 3 cols: 4 dt: d data: [653.348083496094, 0, 642.023071289062, 0, 0, 653.348083496094, 357.317504882812, 0, 0, 0, 1, 0]

RIGHT.height: 720 RIGHT.width: 1280 RIGHT.D: !!opencv-matrix rows: 1 cols: 5 dt: d data:[-0.00477181980386376, 0.0391876511275768, -0.0359093882143497, 0.00556322885677218, 0] RIGHT.K: !!opencv-matrix

rows: 3 cols: 3 dt: d data: [286.6798, 0.0, 422.400, 0.0, 286.5119, 398.7724, 0.0, 0.0, 1] RIGHT.R: !!opencv-matrix rows: 3

cols: 3 dt: d

data: [0.9999633526194376, -0.003625811871560086, 0.007755443660172947, 0.003680398547259526, 0.9999684752771629, -0.007035845251224894, -0.007729688520722713, 0.007064130529506649, 0.999945173484644] RIGHT.P: !!opencv-matrix rows: 3 cols: 4 dt: d data: [653.348083496094, 0, 642.023071289062, 0, 0, 653.348083496094, 357.317504882812, 0, 0, 0, 1, 0]

#--------------------------------------------------------------------------------------------
# ORB Parameters

#--------------------------------------------------------------------------------------------
# ORB Extractor: Number of features per image

ORBextractor.nFeatures: 600
# ORB Extractor: Scale factor between levels in the scale pyramid

ORBextractor.scaleFactor: 1.8
# ORB Extractor: Number of levels in the scale pyramid

ORBextractor.nLevels: 12
# ORB Extractor: Fast threshold
# Image is divided in a grid. At each cell FAST are extracted imposing a minimum response.
# Firstly we impose iniThFAST. If no corners are detected we impose a lower value minThFAST
# You can lower these values if your images have low contrast

ORBextractor.iniThFAST: 20 ORBextractor.minThFAST: 7

#--------------------------------------------------------------------------------------------
# Viewer Parameters

#-------------------------------------------------------------------------------------------- Viewer.KeyFrameSize: 0.05 Viewer.KeyFrameLineWidth: 1 Viewer.GraphLineWidth: 0.9 Viewer.PointSize:2 Viewer.CameraSize: 0.08 Viewer.CameraLineWidth: 3 Viewer.ViewpointX: 0 Viewer.ViewpointY: -0.7 Viewer.ViewpointZ: -1.8 Viewer.ViewpointF: 500